image: map50m.pgm
resolution: 0.025000
origin: [-45.000000, -36.600000, 0.000000]
negate: 0
occupied_thresh: 0.65
free_thresh: 0.196

